-----------------------------------------------------------
Eff_CohJpsiToMu_PtCut = 0.117694 + 7.03016e-05 - 7.02652e-05
Eff_CohJpsiToMu_PtAll = 0.122205 + 7.1452e-05 - 7.1416e-05
Eff_CohPsi2sToMu_PtCut = 0.154856 + 0.000102636 - 0.00010258
Eff_CohPsi2sToMu_PtAll = 0.163759 + 0.000104985 - 0.000104931
Eff_CohPsi2sToMuPi_PtCut = 0.0699948 + 7.23472e-05 - 7.22781e-05
Eff_CohPsi2sToMuPi_PtAll = 0.114119 + 9.01377e-05 - 9.00758e-05
-----------------------------------------------------------

