-----------------------------------------------------------
Eff_CohJpsiToMu_PtCut = 0.0488617 + 0.000122573 - 0.000122282
Eff_CohJpsiToMu_PtAll = 0.0534136 + 0.000127833 - 0.000127545
Eff_CohPsi2sToMu_PtCut = 0.0570192 + 0.000173429 - 0.000172936
Eff_CohPsi2sToMu_PtAll = 0.0627122 + 0.000181304 - 0.000180817
Eff_CohPsi2sToMuPi_PtCut = 0.0287866 + 0.000125847 - 0.000125317
Eff_CohPsi2sToMuPi_PtAll = 0.0499437 + 0.00016377 - 0.000163264
-----------------------------------------------------------

