-----------------------------------------------------------
Eff_CohJpsiToMu_PtCut = 0.119596 + 6.22378e-05 - 6.22099e-05
Eff_CohJpsiToMu_PtAll = 0.124151 + 6.32471e-05 - 6.32195e-05
Eff_CohPsi2sToMu_PtCut = 0.157937 + 8.91809e-05 - 8.91401e-05
Eff_CohPsi2sToMu_PtAll = 0.166938 + 9.11939e-05 - 9.11541e-05
Eff_CohPsi2sToMuPi_PtCut = 0.0712374 + 6.31355e-05 - 6.30839e-05
Eff_CohPsi2sToMuPi_PtAll = 0.116026 + 7.85914e-05 - 7.85452e-05
-----------------------------------------------------------

