-----------------------------------------------------------
Eff_CohJpsiToMu_PtCut = 0.117696 + 6.98871e-05 - 6.98511e-05
Eff_CohJpsiToMu_PtAll = 0.122205 + 7.10301e-05 - 7.09946e-05
Eff_CohPsi2sToMu_PtCut = 0.154887 + 9.86197e-05 - 9.85685e-05
Eff_CohPsi2sToMu_PtAll = 0.163792 + 0.000100877 - 0.000100828
Eff_CohPsi2sToMuPi_PtCut = 0.0700341 + 7.00477e-05 - 6.99831e-05
Eff_CohPsi2sToMuPi_PtAll = 0.114167 + 8.72668e-05 - 8.72088e-05
-----------------------------------------------------------

