-----------------------------------------------------------
Eff_CohJpsiToMu_PtCut = 0.11749 + 0.00015699 - 0.000156808
Eff_CohJpsiToMu_PtAll = 0.119208 + 0.000157978 - 0.000157797
Eff_CohPsi2sToMu_PtCut = 0.160659 + 0.00022307 - 0.00022282
Eff_CohPsi2sToMu_PtAll = 0.166043 + 0.000226043 - 0.000225797
Eff_CohPsi2sToMuPi_PtCut = 0.0847134 + 0.000170196 - 0.000169886
Eff_CohPsi2sToMuPi_PtAll = 0.110937 + 0.000191901 - 0.000191611
-----------------------------------------------------------

