-----------------------------------------------------------
Eff_CohJpsiToMu_PtCut = 0.20483 + 0.000221856 - 0.000221678
Eff_CohJpsiToMu_PtAll = 0.208513 + 0.00022332 - 0.000223144
Eff_CohPsi2sToMu_PtCut = 0.268894 + 0.000307184 - 0.000306963
Eff_CohPsi2sToMu_PtAll = 0.276569 + 0.000309891 - 0.000309677
Eff_CohPsi2sToMuPi_PtCut = 0.148538 + 0.000247911 - 0.00024757
Eff_CohPsi2sToMuPi_PtAll = 0.195495 + 0.000276386 - 0.000276091
-----------------------------------------------------------

