-----------------------------------------------------------
lambda_val = -0.95388
a2_val = 0.415127
a3_val = 0.687883
a4_val = 0.189376
n_cb_val = 14.2173
alpha_val = 1.06366
sigmaMC_val = 0.0727662
sigma2MC_val = 0.0798014
lambda_err = 0.020496
a2_err = 0.209232
a3_err = 0.238963
a4_err = 0.0749629
n_cb_err = 0.324559
alpha_err = 0.00380449
sigmaMC_err = 7.52316e-05
sigma2MC_err = 8.97946e-05
-----------------------------------------------------------

