-----------------------------------------------------------
lambda_val = -1.27419
a2_val = 0.276375
a3_val = 0.242246
a4_val = 0.025597
n_cb_val = 4.46313
alpha_val = 1.45673
sigmaMC_val = 0.0870083
sigma2MC_val = 0.0913899
lambda_err = 0.0481651
a2_err = 0.0964416
a3_err = 0.0714512
a4_err = 0.0281774
n_cb_err = 0.165585
alpha_err = 0.0159449
sigmaMC_err = 0.000234644
sigma2MC_err = 0.000303277
-----------------------------------------------------------

