-----------------------------------------------------------
lambda_val = -1.15708
a2_val = 0.275545
a3_val = 0.306749
a4_val = 0.0460859
n_cb_val = 6.19984
alpha_val = 1.30175
sigmaMC_val = 0.0792785
sigma2MC_val = 0.0848438
lambda_err = 0.0152921
a2_err = 0.0299109
a3_err = 0.0279376
a4_err = 0.00992191
n_cb_err = 0.121816
alpha_err = 0.00686505
sigmaMC_err = 0.00011167
sigma2MC_err = 0.000143254
-----------------------------------------------------------

