-----------------------------------------------------------
lambda_val = -0.957301
a2_val = 0.448327
a3_val = 0.722868
a4_val = 0.19928
n_cb_val = 120
alpha_val = 1.1017
sigmaMC_val = 0.0723667
sigma2MC_val = 0.0789884
lambda_err = 0.0115406
a2_err = 0.112585
a3_err = 0.13017
a4_err = 0.0397943
n_cb_err = 0.364329
alpha_err = 0.00191134
sigmaMC_err = 5.3713e-05
sigma2MC_err = 6.49019e-05
-----------------------------------------------------------

