-----------------------------------------------------------
lambda_val = -0.984745
a2_val = 0.51748
a3_val = 0.745129
a4_val = 0.197278
n_cb_val = 12.3494
alpha_val = 1.09164
sigmaMC_val = 0.0735368
sigma2MC_val = 0.080478
lambda_err = 0.0201438
a2_err = 0.178396
a3_err = 0.201938
a4_err = 0.063171
n_cb_err = 0.363082
alpha_err = 0.00558564
sigmaMC_err = 0.000106388
sigma2MC_err = 0.000129253
-----------------------------------------------------------

