-----------------------------------------------------------
lambda_val = -0.95242
a2_val = 0.446595
a3_val = 0.729961
a4_val = 0.203563
n_cb_val = 14.2173
alpha_val = 1.06366
sigmaMC_val = 0.0727662
sigma2MC_val = 0.0798014
lambda_err = 0.0147452
a2_err = 0.122418
a3_err = 0.132614
a4_err = 0.0378444
n_cb_err = 0.324559
alpha_err = 0.00380449
sigmaMC_err = 7.52316e-05
sigma2MC_err = 8.97946e-05
-----------------------------------------------------------

