-----------------------------------------------------------
lambda_val = -0.942405
a2_val = 0.443257
a3_val = 0.722527
a4_val = 0.200865
n_cb_val = 10.5202
alpha_val = 1.10115
sigmaMC_val = 0.0741991
sigma2MC_val = 0.0805578
lambda_err = 0.0104624
a2_err = 0.0987507
a3_err = 0.114173
a4_err = 0.0348119
n_cb_err = 0.130975
alpha_err = 0.0027598
sigmaMC_err = 5.48532e-05
sigma2MC_err = 6.66924e-05
-----------------------------------------------------------

