-----------------------------------------------------------
lambda_val = -0.86405
a2_val = 0.557206
a3_val = 0.999066
a4_val = 0.305334
n_cb_val = 12.1553
alpha_val = 0.975626
sigmaMC_val = 0.0716552
sigma2MC_val = 0.0777604
lambda_err = 0.00830448
a2_err = 0.00970497
a3_err = 0.00532805
a4_err = 0.00282858
n_cb_err = 0.342305
alpha_err = 0.00527253
sigmaMC_err = 0.000120586
sigma2MC_err = 0.000139408
-----------------------------------------------------------

