-----------------------------------------------------------
lambda_val = -0.809931
a2_val = 0.498225
a3_val = 0.999934
a4_val = 0.314443
n_cb_val = 120
alpha_val = 0.992192
sigmaMC_val = 0.0723506
sigma2MC_val = 0.0782105
lambda_err = 0.0188305
a2_err = 0.0172999
a3_err = 0.810738
a4_err = 0.00595807
n_cb_err = 2.92242
alpha_err = 0.00754245
sigmaMC_err = 0.000260008
sigma2MC_err = 0.000298685
-----------------------------------------------------------

