-----------------------------------------------------------
lambda_val = -0.932596
a2_val = 0.329897
a3_val = 0.638017
a4_val = 0.181634
n_cb_val = 16.6307
alpha_val = 1.03606
sigmaMC_val = 0.0719768
sigma2MC_val = 0.0791232
lambda_err = 0.0325484
a2_err = 0.309779
a3_err = 0.350148
a4_err = 0.11524
n_cb_err = 0.564734
alpha_err = 0.00489822
sigmaMC_err = 0.000105276
sigma2MC_err = 0.000125589
-----------------------------------------------------------

