-----------------------------------------------------------
lambda_val = -1.17151
a2_val = 0.262856
a3_val = 0.30801
a4_val = 0.0496084
n_cb_val = 99.9999
alpha_val = 1.1558
sigmaMC_val = 0.0722738
sigma2MC_val = 0.0805205
lambda_err = 0.0345316
a2_err = 0.271939
a3_err = 0.303966
a4_err = 0.0961739
n_cb_err = 3.68923
alpha_err = 0.00519707
sigmaMC_err = 0.000155761
sigma2MC_err = 0.000142649
-----------------------------------------------------------

