-----------------------------------------------------------
lambda_val = -1.15959
a2_val = 0.256322
a3_val = 0.287476
a4_val = 0.04089
n_cb_val = 6.19984
alpha_val = 1.30175
sigmaMC_val = 0.0792785
sigma2MC_val = 0.0848438
lambda_err = 0.0175797
a2_err = 0.0320194
a3_err = 0.0231517
a4_err = 0.0088651
n_cb_err = 0.121816
alpha_err = 0.00686505
sigmaMC_err = 0.00011167
sigma2MC_err = 0.000143254
-----------------------------------------------------------

