-----------------------------------------------------------
Eff_CohJpsiToMu_PtCut = 0.194003 + 0.000148772 - 0.000148685
Eff_CohJpsiToMu_PtAll = 0.200042 + 0.0001505 - 0.000150415
Eff_CohPsi2sToMu_PtCut = 0.258057 + 0.000206732 - 0.000206624
Eff_CohPsi2sToMu_PtAll = 0.27053 + 0.000209878 - 0.000209775
Eff_CohPsi2sToMuPi_PtCut = 0.115983 + 0.000152215 - 0.000152042
Eff_CohPsi2sToMuPi_PtAll = 0.187308 + 0.000185409 - 0.000185268
-----------------------------------------------------------

