-----------------------------------------------------------
Eff_CohJpsiToMu_PtCut = 0.190256 + 0.00020265 - 0.000202485
Eff_CohJpsiToMu_PtAll = 0.192569 + 0.000203585 - 0.000203422
Eff_CohPsi2sToMu_PtCut = 0.258711 + 0.00028305 - 0.000282849
Eff_CohPsi2sToMu_PtAll = 0.265275 + 0.000285341 - 0.000285145
Eff_CohPsi2sToMuPi_PtCut = 0.138015 + 0.000224308 - 0.000224003
Eff_CohPsi2sToMuPi_PtAll = 0.180181 + 0.000249886 - 0.000249616
-----------------------------------------------------------

