-----------------------------------------------------------
Eff_CohJpsiToMu_PtCut = 0.0968315 + 0.000128511 - 0.000128359
Eff_CohJpsiToMu_PtAll = 0.102889 + 0.000132018 - 0.000131869
Eff_CohPsi2sToMu_PtCut = 0.117617 + 0.000179756 - 0.000179518
Eff_CohPsi2sToMu_PtAll = 0.126233 + 0.000185301 - 0.000185069
Eff_CohPsi2sToMuPi_PtCut = 0.05763 + 0.000131069 - 0.00013079
Eff_CohPsi2sToMuPi_PtAll = 0.0972941 + 0.000166586 - 0.000166332
-----------------------------------------------------------

