-----------------------------------------------------------
Eff_CohJpsiToMu_PtCut = 0.140816 + 0.000205201 - 0.000204952
Eff_CohJpsiToMu_PtAll = 0.145034 + 0.000207735 - 0.000207488
Eff_CohPsi2sToMu_PtCut = 0.171808 + 0.000283512 - 0.000283142
Eff_CohPsi2sToMu_PtAll = 0.178389 + 0.00028773 - 0.000287368
Eff_CohPsi2sToMuPi_PtCut = 0.100767 + 0.000227934 - 0.000227478
Eff_CohPsi2sToMuPi_PtAll = 0.136205 + 0.000259635 - 0.000259219
-----------------------------------------------------------

