-----------------------------------------------------------
Eff_CohJpsiToMu_PtCut = 0.0694833 + 8.53321e-05 - 8.52353e-05
Eff_CohJpsiToMu_PtAll = 0.071853 + 8.66626e-05 - 8.65663e-05
Eff_CohPsi2sToMu_PtCut = 0.0954339 + 0.000122505 - 0.000122365
Eff_CohPsi2sToMu_PtAll = 0.101725 + 0.000126032 - 0.000125894
Eff_CohPsi2sToMuPi_PtCut = 0.0411154 + 8.3426e-05 - 8.32644e-05
Eff_CohPsi2sToMuPi_PtAll = 0.0665294 + 0.000104659 - 0.000104506
-----------------------------------------------------------

