-----------------------------------------------------------
Eff_CohJpsiToMu_PtCut = 0.0501079 + 0.000140407 - 0.000140036
Eff_CohJpsiToMu_PtAll = 0.0528663 + 0.000143999 - 0.00014363
Eff_CohPsi2sToMu_PtCut = 0.0585422 + 0.000195909 - 0.000195297
Eff_CohPsi2sToMu_PtAll = 0.0621538 + 0.000201453 - 0.000200846
Eff_CohPsi2sToMuPi_PtCut = 0.0353015 + 0.00015534 - 0.000154685
Eff_CohPsi2sToMuPi_PtAll = 0.0494111 + 0.000182303 - 0.000181669
-----------------------------------------------------------

