-----------------------------------------------------------
Eff_CohJpsiToMu_PtCut = 0.0284328 + 7.70132e-05 - 7.68115e-05
Eff_CohJpsiToMu_PtAll = 0.0291956 + 7.80059e-05 - 7.78045e-05
Eff_CohPsi2sToMu_PtCut = 0.0417118 + 0.000114803 - 0.000114502
Eff_CohPsi2sToMu_PtAll = 0.0444106 + 0.000118281 - 0.000117982
Eff_CohPsi2sToMuPi_PtCut = 0.0202848 + 8.17171e-05 - 8.13967e-05
Eff_CohPsi2sToMuPi_PtAll = 0.026748 + 9.34774e-05 - 9.31614e-05
-----------------------------------------------------------

