-----------------------------------------------------------
Eff_CohJpsiToMu_PtCut = 0.118517 + 0.00013934 - 0.000139199
Eff_CohJpsiToMu_PtAll = 0.122137 + 0.000141158 - 0.000141018
Eff_CohPsi2sToMu_PtCut = 0.161167 + 0.000200342 - 0.000200141
Eff_CohPsi2sToMu_PtAll = 0.170308 + 0.000204811 - 0.000204616
Eff_CohPsi2sToMuPi_PtCut = 0.0704916 + 0.000139939 - 0.000139683
Eff_CohPsi2sToMuPi_PtAll = 0.113651 + 0.000173434 - 0.000173204
-----------------------------------------------------------

