-----------------------------------------------------------
Eff_CohJpsiToMu_PtCut = 0.0287471 + 6.84799e-05 - 6.83222e-05
Eff_CohJpsiToMu_PtAll = 0.0301113 + 7.00328e-05 - 6.98755e-05
Eff_CohPsi2sToMu_PtCut = 0.0421123 + 0.000103482 - 0.00010324
Eff_CohPsi2sToMu_PtAll = 0.0462053 + 0.00010815 - 0.00010791
Eff_CohPsi2sToMuPi_PtCut = 0.0169431 + 6.6916e-05 - 6.66578e-05
Eff_CohPsi2sToMuPi_PtAll = 0.0276435 + 8.4933e-05 - 8.46806e-05
-----------------------------------------------------------

