-----------------------------------------------------------
Eff_CohJpsiToMu_PtCut = 0.190701 + 0.000179455 - 0.000179326
Eff_CohJpsiToMu_PtAll = 0.195772 + 0.000181253 - 0.000181126
Eff_CohPsi2sToMu_PtCut = 0.25836 + 0.000253906 - 0.000253744
Eff_CohPsi2sToMu_PtAll = 0.270089 + 0.000257537 - 0.000257383
Eff_CohPsi2sToMuPi_PtCut = 0.114021 + 0.00018488 - 0.000184619
Eff_CohPsi2sToMuPi_PtAll = 0.183255 + 0.00022495 - 0.000224736
-----------------------------------------------------------

