-----------------------------------------------------------
Eff_CohJpsiToMu_PtCut = 0.138445 + 0.000180196 - 0.00018
Eff_CohJpsiToMu_PtAll = 0.145825 + 0.000184136 - 0.000183943
Eff_CohPsi2sToMu_PtCut = 0.169507 + 0.000252967 - 0.000252667
Eff_CohPsi2sToMu_PtAll = 0.180432 + 0.000259255 - 0.000258965
Eff_CohPsi2sToMuPi_PtCut = 0.0818889 + 0.000185585 - 0.000185203
Eff_CohPsi2sToMuPi_PtAll = 0.136993 + 0.000232592 - 0.00023226
-----------------------------------------------------------

