-----------------------------------------------------------
Eff_CohJpsiToMu_PtCut = 0.204079 + 0.000195871 - 0.000195731
Eff_CohJpsiToMu_PtAll = 0.211291 + 0.000198393 - 0.000198256
Eff_CohPsi2sToMu_PtCut = 0.267527 + 0.000275044 - 0.000274865
Eff_CohPsi2sToMu_PtAll = 0.281031 + 0.00027928 - 0.000279111
Eff_CohPsi2sToMuPi_PtCut = 0.122165 + 0.000204181 - 0.000203888
Eff_CohPsi2sToMuPi_PtAll = 0.19805 + 0.000248379 - 0.000248145
-----------------------------------------------------------

