-----------------------------------------------------------
lambda_val = -0.968549
a2_val = 0.418149
a3_val = 0.686819
a4_val = 0.187683
n_cb_val = 100
alpha_val = 1.10765
sigmaMC_val = 0.0723164
sigma2MC_val = 0.0788816
lambda_err = 0.0165559
a2_err = 0.160162
a3_err = 0.183746
a4_err = 0.0565381
n_cb_err = 0.529783
alpha_err = 0.00310705
sigmaMC_err = 0.000104195
sigma2MC_err = 8.68122e-05
-----------------------------------------------------------

