-----------------------------------------------------------
lambda_val = -0.8763
a2_val = 0.57807
a3_val = 0.999726
a4_val = 0.299066
n_cb_val = 100
alpha_val = 1.05778
sigmaMC_val = 0.073114
sigma2MC_val = 0.0775593
lambda_err = 0.0104727
a2_err = 0.0177413
a3_err = 0.0780457
a4_err = 0.00572737
n_cb_err = 0.690606
alpha_err = 0.00447078
sigmaMC_err = 0.000167045
sigma2MC_err = 0.000134346
-----------------------------------------------------------

