-----------------------------------------------------------
lambda_val = -0.780837
a2_val = 0.706368
a3_val = 0.991067
a4_val = 0.256447
n_cb_val = 12.1553
alpha_val = 0.975626
sigmaMC_val = 0.0716552
sigma2MC_val = 0.0777604
lambda_err = 0.0166226
a2_err = 0.0345257
a3_err = 0.00255912
a4_err = 0.0103466
n_cb_err = 0.342305
alpha_err = 0.00527253
sigmaMC_err = 0.000120586
sigma2MC_err = 0.000139408
-----------------------------------------------------------

