-----------------------------------------------------------
lambda_val = -0.886608
a2_val = 0.571855
a3_val = 0.985115
a4_val = 0.295257
n_cb_val = 15.7435
alpha_val = 0.974723
sigmaMC_val = 0.071396
sigma2MC_val = 0.0775697
lambda_err = 0.0131353
a2_err = 0.0727276
a3_err = 0.109019
a4_err = 0.0252708
n_cb_err = 0.61615
alpha_err = 0.00576159
sigmaMC_err = 0.000133097
sigma2MC_err = 0.000155546
-----------------------------------------------------------

