-----------------------------------------------------------
lambda_val = -0.957254
a2_val = 0.448752
a3_val = 0.723377
a4_val = 0.199439
n_cb_val = 120
alpha_val = 1.1017
sigmaMC_val = 0.0723666
sigma2MC_val = 0.0790124
lambda_err = 0.0100197
a2_err = 0.0898129
a3_err = 0.103557
a4_err = 0.0314974
n_cb_err = 0.364355
alpha_err = 0.00191135
sigmaMC_err = 5.37129e-05
sigma2MC_err = 6.52304e-05
-----------------------------------------------------------

