-----------------------------------------------------------
lambda_val = -0.845217
a2_val = 0.342388
a3_val = 0.99
a4_val = 0.0284428
n_cb_val = 10.4756
alpha_val = 1.10203
sigmaMC_val = 0.0742014
sigma2MC_val = 0.0805466
lambda_err = 0.00386001
a2_err = 0.0174952
a3_err = 0
a4_err = 0.00450339
n_cb_err = 0.130685
alpha_err = 0.00277777
sigmaMC_err = 5.51245e-05
sigma2MC_err = 6.71169e-05
-----------------------------------------------------------

